{
  "nbformat": 4,
  "nbformat_minor": 0,
  "metadata": {
    "colab": {
      "provenance": [],
      "authorship_tag": "ABX9TyMG7J3Zmk0Ego3R3j53ymFv",
      "include_colab_link": true
    },
    "kernelspec": {
      "name": "python3",
      "display_name": "Python 3"
    },
    "language_info": {
      "name": "python"
    }
  },
  "cells": [
    {
      "cell_type": "markdown",
      "metadata": {
        "id": "view-in-github",
        "colab_type": "text"
      },
      "source": [
        "<a href=\"https://colab.research.google.com/github/YJ0317/data-science-toolkit/blob/main/tutorial3.ipynb\" target=\"_parent\"><img src=\"https://colab.research.google.com/assets/colab-badge.svg\" alt=\"Open In Colab\"/></a>"
      ]
    },
    {
      "cell_type": "code",
      "source": [
        "import numpy as np"
      ],
      "metadata": {
        "id": "mR9yMiXsIVBM"
      },
      "execution_count": 3,
      "outputs": []
    },
    {
      "cell_type": "code",
      "source": [
        "array_2x2 = np.array([[1, 2], [3, 4]])\n",
        "print(\"2x2 Array:\\n\", array_2x2)\n"
      ],
      "metadata": {
        "colab": {
          "base_uri": "https://localhost:8080/"
        },
        "id": "Cy-VCL4yIWSb",
        "outputId": "8dcb7fa0-be02-4d5a-9d11-a67771fa89a2"
      },
      "execution_count": 6,
      "outputs": [
        {
          "output_type": "stream",
          "name": "stdout",
          "text": [
            "2x2 Array:\n",
            " [[1 2]\n",
            " [3 4]]\n"
          ]
        }
      ]
    },
    {
      "cell_type": "code",
      "source": [
        "random_3x4 = np.random.rand(3, 4)\n",
        "print(\"\\n Random 3x4 Array:\\n\", random_3x4)"
      ],
      "metadata": {
        "colab": {
          "base_uri": "https://localhost:8080/"
        },
        "id": "GMObOGn2Ii1H",
        "outputId": "895ec2e9-3f9f-4bc1-847d-8dd14e7d1e19"
      },
      "execution_count": 7,
      "outputs": [
        {
          "output_type": "stream",
          "name": "stdout",
          "text": [
            "\n",
            " Random 3x4 Array:\n",
            " [[0.18187231 0.35589445 0.86364538 0.39665614]\n",
            " [0.85621778 0.26138361 0.14434415 0.38784931]\n",
            " [0.46668886 0.46952784 0.714774   0.9776381 ]]\n"
          ]
        }
      ]
    },
    {
      "cell_type": "code",
      "source": [
        "ones_array = np.ones((2, 3))\n",
        "zeros_array = np.zeros((2, 3))\n",
        "print(\"\\n Array of Ones:\\n\", ones_array)\n",
        "print(\"\\n Array of Zeros:\\n\", zeros_array)"
      ],
      "metadata": {
        "colab": {
          "base_uri": "https://localhost:8080/"
        },
        "id": "qWBYpxc4IpWX",
        "outputId": "801724f9-3083-4eab-b677-91be5d8ad39b"
      },
      "execution_count": 9,
      "outputs": [
        {
          "output_type": "stream",
          "name": "stdout",
          "text": [
            "\n",
            " Array of Ones:\n",
            " [[1. 1. 1.]\n",
            " [1. 1. 1.]]\n",
            "\n",
            " Array of Zeros:\n",
            " [[0. 0. 0.]\n",
            " [0. 0. 0.]]\n"
          ]
        }
      ]
    },
    {
      "cell_type": "code",
      "source": [
        "random_6x3 = np.random.rand(6, 3)\n",
        "transposed = random_6x3.T\n",
        "print(\"\\n Random 6x3 Array:\\n\", random_6x3)\n",
        "print(\"\\n Transposed (3x6):\\n\", transposed)"
      ],
      "metadata": {
        "colab": {
          "base_uri": "https://localhost:8080/"
        },
        "id": "2YpDawH0I1LB",
        "outputId": "a2bbf47a-8e65-4d8f-85c0-975da5f49fe8"
      },
      "execution_count": 10,
      "outputs": [
        {
          "output_type": "stream",
          "name": "stdout",
          "text": [
            "\n",
            " Random 6x3 Array:\n",
            " [[0.0303521  0.98759257 0.05350843]\n",
            " [0.89560256 0.93919898 0.49350382]\n",
            " [0.72377795 0.13670329 0.34171644]\n",
            " [0.71216652 0.51825786 0.5388543 ]\n",
            " [0.37249592 0.30358867 0.31628703]\n",
            " [0.39565622 0.72314667 0.29577052]]\n",
            "\n",
            " Transposed (3x6):\n",
            " [[0.0303521  0.89560256 0.72377795 0.71216652 0.37249592 0.39565622]\n",
            " [0.98759257 0.93919898 0.13670329 0.51825786 0.30358867 0.72314667]\n",
            " [0.05350843 0.49350382 0.34171644 0.5388543  0.31628703 0.29577052]]\n"
          ]
        }
      ]
    },
    {
      "cell_type": "code",
      "source": [
        "n, p, m = 3, 2, 4\n",
        "A = np.random.rand(n, p)\n",
        "B = np.random.rand(p, m)\n",
        "dot_product = np.dot(A, B)\n",
        "print(\"\\n Matrix A (3x2):\\n\", A)\n",
        "print(\"\\n Matrix B (2x4):\\n\", B)\n",
        "print(\"\\n Dot Product (3x4):\\n\", dot_product)"
      ],
      "metadata": {
        "colab": {
          "base_uri": "https://localhost:8080/"
        },
        "id": "np2YeEfMJAPm",
        "outputId": "b7079748-2a09-4156-9294-f77f047467fa"
      },
      "execution_count": 11,
      "outputs": [
        {
          "output_type": "stream",
          "name": "stdout",
          "text": [
            "\n",
            " Matrix A (3x2):\n",
            " [[0.39488321 0.41736458]\n",
            " [0.81095614 0.65099317]\n",
            " [0.48752842 0.29178558]]\n",
            "\n",
            " Matrix B (2x4):\n",
            " [[0.09815301 0.48266673 0.58415368 0.32428408]\n",
            " [0.1416232  0.04890835 0.58516036 0.56024886]]\n",
            "\n",
            " Dot Product (3x4):\n",
            " [[0.09786749 0.2110096  0.47489769 0.36188237]\n",
            " [0.17179353 0.42326055 0.85465841 0.62769834]\n",
            " [0.08917599 0.2495845  0.45553288 0.32157024]]\n"
          ]
        }
      ]
    }
  ]
}